0,526
69,5
69,4
69,3
69,2
69,1
69,0
0,525
0,524
0,523
0,522
68,4
68,3
68,2
68,1
68,0
67,3
67,2
67,1
67,0
0,521
0,520
14,7
0,519
66,8
66,7
66,6
66,5
66,4
66,3
66,2
66,1
66,0
65,7
65,6
65,5
65,4
65,3
65,2
65,1
65,0
14,6
64,6
64,5
64,4
64,3
64,2
64,1
64,0
63,5
63,4
63,3
63,2
0,518
0,517
63,1
63,0
62,4
62,3
62,2
62,1
62,0
61,3
61,2
61,1
61,0
60,5
0,516
0,515
60,4
60,3
60,2
0,514
60,1
60,0
0,513
59,4
59,3
59,2
59,1
59,0
0,512
58,3
58,2
58,1
58,0
0,511
0,510
0,509
57,5
0,508
0,507
0,506
57,4
57,3
57,2
0,505
57,1
57,0
56,4
0,504
56,3
56,2
0,503
56,1
56,0
0,502
0,501
55,3
55,2
0,500
0,499
0,498
55,1
55,0
0,497
54,5
54,4
54,3
54,2
54,1
54,0
53,4
53,3
53,2
53,1
53,0
0,496
0,495
52,4
52,3
52,2
52,1
52,0
0,494
0,493
0,492
51,5
51,4
51,3
51,2
51,1
51,0
0,491
50,4
50,3
50,2
50,1
50,0
49,3
49,2
0,490
49,1
49,0
0,489
0,488
0,487
48,4
48,3
48,2
48,1
48,0
0,486
0,485
0,484
0,483
0,482
0,481
0,480
